100
40
2
1
114
-2.5 2.5
-2.5 2.5
-2.5 2.5
-2.5 2.5
-2.5 2.5
-2.5 2.5
-2.5 2.5
-2.5 2.5
-2.5 2.5
-2.5 2.5
-2.5 2.5
-2.5 2.5
-2.5 2.5
-2.5 2.5
-2.5 2.5
-2.5 2.5
-2.5 2.5
-2.5 2.5
-2.5 2.5
-2.5 2.5
-2.5 2.5
-2.5 2.5
-2.5 2.5
-2.5 2.5
-2.5 2.5
-2.5 2.5
-2.5 2.5
-2.5 2.5
-2.5 2.5
-2.5 2.5
-2.5 2.5
-2.5 2.5
-2.5 2.5
-2.5 2.5
-2.5 2.5
-2.5 2.5
-2.5 2.5
-2.5 2.5
-2.5 2.5
-2.5 2.5
-2.5 2.5
-2.5 2.5
-2.5 2.5
-2.5 2.5
-2.5 2.5
-2.5 2.5
-2.5 2.5
-2.5 2.5
-2.5 2.5
-2.5 2.5
-2.5 2.5
-2.5 2.5
-2.5 2.5
-2.5 2.5
-2.5 2.5
-2.5 2.5
-2.5 2.5
-2.5 2.5
-2.5 2.5
-2.5 2.5
-2.5 2.5
-2.5 2.5
-2.5 2.5
-2.5 2.5
-2.5 2.5
-2.5 2.5
-2.5 2.5
-2.5 2.5
-2.5 2.5
-2.5 2.5
-2.5 2.5
-2.5 2.5
-2.5 2.5
-2.5 2.5
-2.5 2.5
-2.5 2.5
-2.5 2.5
-2.5 2.5
-2.5 2.5
-2.5 2.5
-2.5 2.5
-2.5 2.5
-2.5 2.5
-2.5 2.5
-2.5 2.5
-2.5 2.5
-2.5 2.5
-2.5 2.5
-2.5 2.5
-2.5 2.5
-2.5 2.5
-2.5 2.5
-2.5 2.5
-2.5 2.5
-2.5 2.5
-2.5 2.5
-2.5 2.5
-2.5 2.5
-2.5 2.5
-2.5 2.5
-2.5 2.5
-2.5 2.5
-2.5 2.5
-2.5 2.5
-2.5 2.5
-2.5 2.5
-2.5 2.5
-2.5 2.5
-2.5 2.5
-2.5 2.5
-2.5 2.5
-2.5 2.5
-2.5 2.5
-2.5 2.5
0.9
0.1
10
20
0
0
